5,5,1~5,8,1
2,8,1~4,8,1
9,0,1~9,3,1
8,4,1~8,6,1
1,0,1~1,2,1
1,7,2~1,9,2
6,1,2~7,1,2
0,3,2~2,3,2
0,9,2~0,9,2
8,0,2~8,0,4
9,4,2~9,5,2
5,5,2~5,6,2
8,3,2~8,3,4
5,2,2~5,4,2
2,5,2~4,5,2
6,7,2~6,9,2
3,9,2~3,9,4
2,4,3~2,4,5
5,0,3~5,2,3
6,5,3~6,5,4
2,0,3~2,2,3
1,7,3~2,7,3
7,0,3~7,2,3
0,4,3~0,6,3
1,1,3~1,2,3
6,7,4~8,7,4
2,0,4~3,0,4
6,0,4~6,1,4
2,8,4~4,8,4
5,3,4~6,3,4
9,5,5~9,8,5
1,3,5~1,4,5
0,1,5~3,1,5
0,4,5~0,7,5
6,0,5~6,2,5
1,6,6~1,8,6
6,4,6~6,6,6
3,9,6~4,9,6
2,8,6~2,9,6
4,1,6~5,1,6
8,4,6~8,7,6
3,1,7~3,1,10
4,3,7~6,3,7
0,4,7~0,7,7
8,7,7~8,9,7
4,7,7~6,7,7
2,4,8~5,4,8
6,5,8~9,5,8
0,6,8~0,8,8
4,0,8~4,2,8
7,9,9~8,9,9
4,7,9~6,7,9
1,3,9~4,3,9
8,9,10~8,9,10
3,0,10~5,0,10
0,4,10~0,6,10
0,7,10~3,7,10
5,7,10~6,7,10
8,4,10~8,6,10
5,0,11~5,1,11
4,5,11~4,7,11
1,5,11~1,9,11
6,7,11~6,9,11
1,1,11~3,1,11
5,0,12~5,1,12
3,2,12~3,3,12
0,4,12~2,4,12
5,4,12~8,4,12
5,5,12~5,8,12
6,5,13~8,5,13
3,4,13~5,4,13
6,7,13~6,7,15
3,1,13~4,1,13
3,7,13~3,9,13
0,5,13~0,7,13
0,2,13~3,2,13
6,8,14~9,8,14
0,2,14~0,2,16
0,9,14~1,9,14
2,7,14~4,7,14
1,5,14~1,7,14
0,6,14~0,7,14
3,5,15~3,7,15
1,0,15~1,2,15
3,9,15~6,9,15
8,4,15~8,6,15
1,6,15~2,6,15
7,6,15~7,8,15
7,4,16~8,4,16
1,5,16~1,7,16
1,2,16~1,2,19
5,4,16~5,6,16
0,9,17~2,9,17
3,6,17~3,8,17
0,1,17~2,1,17
7,5,18~9,5,18
0,1,18~0,1,19
4,9,18~6,9,18
1,9,18~1,9,20
2,9,18~2,9,21
8,6,18~9,6,18
3,5,18~3,7,18
5,5,18~5,8,18
0,0,18~2,0,18
0,7,19~0,9,19
3,4,19~6,4,19
0,5,19~1,5,19
3,4,20~3,4,22
4,8,20~7,8,20
6,5,20~7,5,20
2,0,20~5,0,20
1,6,20~3,6,20
7,6,21~9,6,21
4,2,22~4,4,22
0,6,22~0,7,22
9,6,22~9,8,22
0,0,22~0,1,22
7,8,23~8,8,23
9,8,23~9,9,23
2,0,23~2,0,24
5,7,23~5,8,23
3,8,23~4,8,23
0,6,24~1,6,24
8,5,24~8,7,24
4,4,25~6,4,25
8,8,25~9,8,25
0,7,25~0,9,25
9,3,25~9,6,25
9,9,25~9,9,27
9,1,26~9,3,26
3,7,26~3,9,26
5,4,26~5,5,26
4,3,27~4,6,27
1,8,27~3,8,27
2,0,27~3,0,27
8,7,27~9,7,27
3,7,27~3,7,30
4,6,28~6,6,28
9,4,28~9,7,28
4,4,28~6,4,28
1,0,28~2,0,28
9,2,29~9,2,31
5,4,29~7,4,29
3,5,29~5,5,29
5,6,29~7,6,29
7,2,30~7,5,30
1,8,30~3,8,30
3,3,30~5,3,30
5,5,31~5,7,31
6,3,32~6,5,32
1,3,32~4,3,32
7,2,32~7,4,32
1,5,32~3,5,32
3,4,32~5,4,32
5,2,32~5,3,32
5,5,32~5,5,32
7,5,33~7,8,33
2,1,33~2,3,33
7,1,33~7,2,33
5,2,33~5,3,33
1,5,33~3,5,33
0,5,34~2,5,34
2,4,34~4,4,34
6,1,34~6,4,34
7,2,35~7,2,36
1,5,35~1,5,35
2,2,35~2,3,35
2,1,36~2,1,38
7,6,36~7,9,36
3,1,36~3,4,36
6,0,37~6,3,37
0,3,38~3,3,38
4,9,38~7,9,38
3,2,38~4,2,38
3,0,39~3,1,39
3,3,39~3,5,39
7,9,39~9,9,39
4,7,39~4,9,39
7,2,39~7,2,40
1,1,39~1,3,39
5,8,39~7,8,39
6,0,40~6,2,40
3,5,40~3,7,40
7,2,41~8,2,41
3,2,41~4,2,41
0,1,41~1,1,41
1,6,41~3,6,41
7,4,41~7,8,41
4,8,41~6,8,41
7,6,42~7,8,42
0,3,42~2,3,42
6,7,42~6,9,42
9,7,42~9,9,42
5,1,42~7,1,42
5,8,43~8,8,43
0,1,43~0,1,46
4,0,43~7,0,43
6,9,43~6,9,45
3,4,43~3,5,43
0,2,43~0,4,43
7,7,43~7,7,44
7,1,44~7,1,46
4,6,44~4,8,44
1,2,44~3,2,44
6,0,44~6,1,44
4,4,44~7,4,44
5,6,45~8,6,45
7,0,46~9,0,46
2,2,46~6,2,46
0,2,46~0,4,46
5,4,46~8,4,46
4,5,46~4,8,46
4,0,47~7,0,47
3,7,47~5,7,47
1,1,47~1,3,47
6,4,47~9,4,47
9,0,47~9,1,47
6,5,48~6,7,48
4,9,48~6,9,48
1,2,48~4,2,48
5,3,48~5,4,48
4,4,48~4,6,48
4,3,49~6,3,49
9,3,49~9,4,49
1,8,49~4,8,49
1,4,49~4,4,49
4,0,50~4,1,50
3,8,50~3,9,50
3,3,50~6,3,50
9,0,50~9,0,53
2,5,51~4,5,51
6,4,51~6,8,51
5,9,51~7,9,51
3,1,51~3,3,51
0,8,52~3,8,52
5,1,52~5,3,52
5,8,52~5,9,52
5,5,53~8,5,53
3,7,53~3,9,53
5,0,53~5,1,53
6,3,53~8,3,53
1,6,53~1,8,53
6,8,53~7,8,53
4,1,53~4,3,53
0,5,54~0,8,54
7,5,54~8,5,54
6,4,54~7,4,54
5,2,54~5,3,54
4,6,54~7,6,54
3,3,54~3,3,57
3,7,55~6,7,55
0,8,55~1,8,55
5,2,55~5,4,55
7,4,55~8,4,55
7,5,55~7,6,55
0,3,55~0,5,55
7,4,56~9,4,56
6,4,56~6,4,58
1,5,56~1,9,56
2,1,56~5,1,56
7,3,56~7,3,59
0,4,57~2,4,57
3,4,57~3,7,57
9,3,58~9,5,58
1,8,58~2,8,58
0,5,58~0,7,58
6,6,58~8,6,58
5,2,58~6,2,58
7,6,59~7,8,59
6,0,59~6,2,59
5,1,59~5,1,59
3,6,59~4,6,59
3,7,59~3,9,59
1,5,60~4,5,60
6,5,60~6,6,60
0,2,60~0,4,60
1,2,60~1,4,60
5,1,60~5,1,62
6,0,60~7,0,60
0,6,60~0,7,60
7,3,60~7,4,60
7,1,61~7,3,61
5,0,61~7,0,61
1,3,61~1,3,64
1,2,61~1,2,64
8,3,61~8,6,61
0,1,62~0,4,62
0,9,62~3,9,62
3,6,62~3,8,62
7,2,63~9,2,63
8,3,63~8,3,66
2,5,63~2,6,63
2,1,63~5,1,63
4,5,63~6,5,63
1,4,63~1,7,63
2,6,64~2,9,64
7,1,64~7,1,67
0,4,64~0,7,64
1,6,65~1,7,65
3,1,65~5,1,65
4,5,65~4,8,65
1,2,65~4,2,65
0,9,66~2,9,66
4,0,66~4,1,66
2,1,66~2,1,68
3,5,66~4,5,66
8,2,66~9,2,66
1,2,66~3,2,66
4,2,66~4,4,66
6,3,66~6,7,66
0,7,66~0,8,66
4,6,67~4,6,68
6,6,67~9,6,67
0,9,68~3,9,68
9,1,68~9,4,68
5,7,69~7,7,69
3,2,69~3,4,69
3,0,69~5,0,69
8,6,69~8,6,71
1,2,69~1,2,72
7,1,69~8,1,69
6,2,69~6,3,69
1,9,69~1,9,70
2,6,70~2,9,70
9,3,70~9,3,71
3,6,70~5,6,70
6,3,71~6,3,73
6,4,71~6,7,71
7,5,71~7,8,71
8,0,72~8,2,72
3,0,72~6,0,72
7,7,72~7,9,72
1,8,72~1,9,72
8,0,73~8,2,73
6,6,74~6,9,74
4,4,74~7,4,74
1,0,74~1,2,74
3,5,74~6,5,74
7,7,74~8,7,74
1,5,75~4,5,75
5,5,76~6,5,76
6,4,76~7,4,76
5,8,76~7,8,76
6,9,77~8,9,77
1,0,77~1,1,77
1,5,77~1,7,77
2,3,77~2,6,77
4,2,78~4,5,78
3,5,78~3,7,78
5,8,78~5,9,78
8,7,78~8,9,78
2,5,78~2,5,79
6,7,78~6,9,78
0,4,78~2,4,78
2,3,79~3,3,79
7,4,79~7,5,79
3,6,79~3,8,79
5,7,80~5,8,80
2,6,80~2,9,80
2,3,81~2,4,81
4,8,81~6,8,81
0,4,81~0,7,81
7,2,81~7,4,81
7,3,82~7,5,82
2,7,82~2,9,82
5,8,82~8,8,82
5,5,83~5,8,83
8,8,83~9,8,83
2,5,83~2,7,83
0,9,83~4,9,83
7,7,83~7,9,83
0,6,83~0,7,83
5,2,84~7,2,84
2,2,84~2,3,84
1,6,84~1,9,84
0,2,84~0,4,84
6,1,85~6,3,85
4,8,85~6,8,85
0,0,85~0,2,85
5,6,85~5,7,85
7,7,85~9,7,85
7,3,85~7,5,85
1,7,86~2,7,86
9,8,86~9,9,86
6,9,86~7,9,86
6,3,86~6,5,86
2,1,87~2,2,87
1,7,87~1,9,87
5,1,87~6,1,87
1,3,87~3,3,87
0,8,88~1,8,88
2,3,88~2,6,88
7,4,88~8,4,88
2,2,88~2,2,89
0,2,88~0,2,89
5,2,88~7,2,88
6,4,89~6,4,91
0,2,90~0,2,92
7,1,90~7,2,90
1,4,91~3,4,91
0,7,91~0,8,91
5,1,91~5,4,91
2,4,92~4,4,92
0,6,92~0,8,92
0,6,93~0,8,93
3,3,93~3,6,93
6,3,93~6,6,93
2,4,93~2,5,93
3,1,93~5,1,93
1,3,94~1,5,94
3,4,94~3,4,97
5,1,94~5,1,98
4,2,95~4,4,95
1,3,95~1,6,95
0,0,95~0,4,95
1,6,96~1,8,96
6,1,96~6,3,96
3,5,96~3,9,96
6,5,96~6,8,96
4,6,97~6,6,97
0,4,97~0,5,97
3,7,98~5,7,98
0,0,98~2,0,98
4,6,98~6,6,98
0,1,98~0,3,98
2,8,98~3,8,98
6,5,98~8,5,98
6,1,99~6,3,99
6,7,99~9,7,99
2,7,99~2,9,99
2,7,100~2,7,101
1,0,100~1,3,100
2,8,100~5,8,100
0,0,101~2,0,101
0,3,101~0,5,101
5,3,101~5,6,101
5,2,101~8,2,101
6,3,101~6,5,101
9,6,101~9,9,101
7,7,102~8,7,102
5,5,102~7,5,102
9,5,102~9,8,102
5,1,102~6,1,102
2,5,102~2,7,102
1,2,102~1,5,102
2,4,102~5,4,102
5,7,102~5,9,102
5,9,103~6,9,103
3,6,103~3,8,103
0,0,103~0,3,103
5,5,103~5,6,103
9,7,103~9,9,103
4,4,104~6,4,104
2,6,104~2,8,104
1,4,104~1,6,104
5,5,104~8,5,104
3,7,105~3,7,107
5,4,105~5,6,105
9,7,105~9,9,105
6,4,105~9,4,105
7,7,105~7,9,105
1,4,106~1,5,106
6,6,106~6,9,106
0,0,106~1,0,106
5,5,107~5,8,107
9,2,107~9,4,107
9,2,108~9,2,108
6,4,108~8,4,108
7,7,108~7,7,110
6,6,109~6,8,109
4,9,109~6,9,109
8,3,110~8,5,110
3,5,110~3,8,110
5,5,110~6,5,110
9,2,111~9,4,111
4,9,111~5,9,111
6,5,111~6,7,111
3,8,112~4,8,112
9,3,112~9,4,112
7,7,112~7,9,112
3,4,112~3,6,112
4,5,113~5,5,113
8,4,113~8,5,113
6,3,113~8,3,113
5,9,114~5,9,114
3,2,114~3,4,114
6,0,114~6,3,114
3,8,114~4,8,114
7,9,115~9,9,115
3,2,116~3,3,116
8,4,116~8,6,116
2,4,116~4,4,116
1,8,116~3,8,116
6,9,116~7,9,116
2,3,117~4,3,117
2,4,118~2,4,121
4,3,118~5,3,118
0,8,118~2,8,118
8,2,118~8,4,118
7,5,118~8,5,118
7,9,118~9,9,118
3,4,118~3,5,118
3,2,119~5,2,119
8,0,119~8,3,119
3,8,119~6,8,119
8,6,119~8,8,119
4,6,120~4,8,120
8,4,120~8,5,120
0,6,120~0,8,120
2,6,120~2,8,120
9,9,121~9,9,123
4,1,121~4,2,121
7,4,121~7,6,121
3,3,121~5,3,121
8,6,122~8,8,122
1,3,122~3,3,122
2,6,123~2,7,123
4,3,123~4,6,123
4,2,124~4,2,124
8,6,124~8,6,126
5,3,124~5,5,124
7,3,124~7,5,124
2,7,124~4,7,124
2,3,125~4,3,125
6,8,125~8,8,125
4,7,125~4,7,125
4,5,125~4,6,125
0,7,125~2,7,125
0,6,126~2,6,126
7,1,126~7,3,126
5,4,126~5,6,126
3,8,127~6,8,127
2,3,127~2,5,127
6,4,127~8,4,127
2,6,127~2,6,129
4,1,127~4,2,127
6,4,128~8,4,128
8,5,128~8,6,128
0,7,128~0,9,128
5,6,128~7,6,128
4,7,129~4,8,129
1,5,129~4,5,129
8,2,129~8,4,129
7,1,129~7,3,129
1,6,130~3,6,130
5,4,130~7,4,130
0,4,130~2,4,130
2,5,130~3,5,130
7,2,130~9,2,130
2,3,130~4,3,130
7,4,131~9,4,131
4,0,131~4,3,131
5,1,131~9,1,131
2,3,132~2,3,133
7,1,132~9,1,132
3,8,132~4,8,132
5,4,132~5,7,132
0,5,133~2,5,133
5,5,133~7,5,133
5,6,133~6,6,133
4,2,134~7,2,134
0,4,134~0,6,134
9,3,134~9,4,134
3,8,134~3,8,136
4,0,134~5,0,134
4,3,134~4,5,134
1,3,134~3,3,134
1,5,135~1,8,135
3,1,135~3,3,135
2,0,135~2,3,135
7,5,135~9,5,135
0,2,135~0,4,135
5,5,136~5,7,136
1,6,136~1,6,139
3,0,136~5,0,136
6,4,136~6,6,136
0,1,136~0,3,136
0,0,136~2,0,136
7,2,136~9,2,136
7,5,137~7,8,137
1,7,137~3,7,137
5,5,138~5,7,138
8,2,138~8,4,138
5,6,139~7,6,139
9,2,139~9,2,139
2,0,139~2,3,139
5,8,139~7,8,139
6,5,139~8,5,139
5,7,139~7,7,139
7,6,140~7,9,140
2,6,140~2,9,140
1,1,140~3,1,140
1,6,141~1,9,141
4,5,141~5,5,141
1,3,142~2,3,142
6,4,142~6,6,142
8,5,142~9,5,142
9,0,142~9,2,142
7,4,142~7,7,142
2,7,142~5,7,142
2,9,142~3,9,142
1,2,142~3,2,142
5,4,143~5,6,143
3,9,144~6,9,144
2,6,144~2,8,144
3,1,144~3,3,144
4,3,144~4,6,144
9,1,145~9,3,145
4,7,145~5,7,145
7,3,145~7,5,145
5,9,145~5,9,148
5,2,146~5,4,146
1,2,146~3,2,146
2,1,146~6,1,146
4,1,147~5,1,147
6,1,147~6,3,147
9,0,148~9,1,148
5,2,148~5,4,148
7,2,148~9,2,148
3,2,148~3,5,148
6,2,149~6,5,149
2,1,149~2,3,149
8,0,149~8,3,149
1,1,150~3,1,150
3,2,150~3,2,153
1,0,151~1,2,151
5,3,151~5,5,151
3,9,151~5,9,151
8,1,152~8,3,152
2,2,152~2,4,152
2,4,153~2,6,153
2,1,153~5,1,153
2,2,153~2,2,153
5,5,154~5,7,154
0,5,154~2,5,154
3,4,154~5,4,154
5,3,154~5,3,157
0,6,154~2,6,154
0,4,156~2,4,156
3,6,156~6,6,156
5,7,156~5,8,156
1,5,156~2,5,156
5,5,157~6,5,157
1,3,158~1,5,158
3,6,158~3,8,158
0,2,159~0,4,159
1,1,159~1,3,159
6,6,159~6,8,159
3,3,160~5,3,160
1,7,160~4,7,160
1,5,160~4,5,160
6,8,161~9,8,161
2,3,161~6,3,161
0,3,161~0,6,161
0,3,162~3,3,162
0,6,162~0,8,162
6,7,162~8,7,162
1,0,162~1,2,162
9,8,162~9,8,164
8,6,163~8,9,163
0,5,163~0,7,163
6,1,163~6,3,163
3,8,163~6,8,163
3,7,163~4,7,163
7,5,164~7,7,164
4,3,164~4,4,164
1,2,164~1,2,166
3,7,165~4,7,165
8,5,165~8,6,165
0,8,165~2,8,165
7,7,165~7,9,165
1,0,165~3,0,165
9,8,165~9,9,165
0,1,165~0,3,165
7,4,165~7,6,165
3,3,165~3,6,165
5,4,166~7,4,166
6,1,166~6,1,166
0,1,166~1,1,166
0,6,166~4,6,166
0,7,166~2,7,166
3,3,166~5,3,166
8,7,166~8,7,168
0,3,167~2,3,167
6,3,167~6,5,167
2,5,167~2,8,167
6,6,167~9,6,167
0,1,168~1,1,168
3,4,169~3,6,169
1,2,169~1,5,169
0,1,169~0,3,169
8,6,169~8,8,169
1,6,169~1,9,169
6,5,170~9,5,170
0,4,170~3,4,170
1,6,170~1,8,170
0,1,171~3,1,171
6,2,172~6,5,172
0,8,172~2,8,172
8,7,172~8,8,172
2,4,172~5,4,172
7,3,172~7,5,172
1,7,173~3,7,173
2,1,173~5,1,173
8,7,173~8,9,173
0,0,173~0,2,173
0,1,174~2,1,174
4,4,174~4,6,174
7,0,174~7,3,174
1,4,174~3,4,174
6,4,174~6,7,174
7,7,175~9,7,175
7,1,175~7,1,176
1,8,175~1,9,175
1,0,175~1,2,175
1,4,176~1,5,176
4,4,176~4,6,176
1,2,176~1,3,176
6,2,176~6,5,176
0,0,176~3,0,176
2,6,177~5,6,177
1,3,177~1,3,178
6,3,178~6,5,178
1,8,178~1,8,181
5,7,178~7,7,178
7,6,179~7,8,179
0,4,179~1,4,179
4,2,179~4,4,179
1,5,179~1,7,179
4,6,179~4,8,179
6,4,179~8,4,179
6,7,179~6,7,181
3,5,180~3,6,180
3,3,180~4,3,180
0,7,180~2,7,180
4,2,180~6,2,180
7,2,181~7,4,181
1,1,181~1,3,181
0,4,182~0,6,182
6,3,182~9,3,182
5,2,182~5,2,184
2,5,182~2,7,182
7,7,182~7,9,182
6,4,182~6,6,182
9,3,183~9,5,183
0,4,183~0,7,183
4,8,183~7,8,183
4,1,183~4,3,183
6,9,184~8,9,184
0,5,184~2,5,184
2,3,184~4,3,184
4,0,184~4,2,184
5,8,184~5,8,184
1,7,184~4,7,184
6,3,185~6,3,187
8,2,185~8,3,185
8,8,185~8,9,185
3,1,185~6,1,185
6,2,186~9,2,186
2,2,186~4,2,186
2,3,186~4,3,186
0,2,186~0,4,186
2,7,186~2,9,186
0,5,187~0,9,187
7,7,187~7,9,187
3,0,187~4,0,187
3,6,187~3,8,187
5,2,187~5,5,187
5,1,188~5,3,188
0,4,188~3,4,188
4,9,188~7,9,188
9,2,188~9,5,188
1,7,188~2,7,188
9,2,189~9,2,190
1,0,189~3,0,189
6,0,189~6,3,189
9,3,189~9,3,189
2,8,189~4,8,189
1,7,189~3,7,189
0,9,189~0,9,192
8,2,189~8,5,189
2,2,189~2,3,189
5,5,190~7,5,190
4,1,190~6,1,190
1,3,190~2,3,190
0,5,190~0,7,190
0,1,190~0,4,190
6,8,190~7,8,190
8,4,191~9,4,191
3,4,191~5,4,191
0,5,191~0,7,191
3,6,191~3,8,191
1,3,191~1,7,191
4,0,191~4,3,191
5,5,191~5,6,191
1,0,191~3,0,191
9,0,192~9,2,192
4,4,192~6,4,192
0,5,192~0,7,192
7,4,193~7,5,193
5,4,193~6,4,193
0,0,193~0,2,193
0,5,193~0,5,195
1,0,193~2,0,193
6,8,193~6,8,195
5,0,193~5,2,193
0,9,194~3,9,194
6,1,194~6,4,194
3,1,194~3,4,194
2,8,194~3,8,194
1,5,194~1,5,196
4,4,194~4,6,194
0,6,195~0,6,197
6,5,195~8,5,195
0,2,195~2,2,195
1,7,195~1,9,195
1,0,195~2,0,195
4,2,195~5,2,195
5,4,195~5,7,195
7,1,195~9,1,195
8,5,196~8,6,196
0,7,197~0,9,197
7,1,197~9,1,197
5,7,197~7,7,197
5,3,197~7,3,197
4,6,197~5,6,197
3,1,197~3,3,197
8,6,197~9,6,197
0,7,198~1,7,198
2,1,198~4,1,198
3,4,198~6,4,198
0,8,198~0,8,200
0,0,198~0,3,198
4,7,198~6,7,198
1,5,199~1,6,199
7,6,199~7,8,199
0,0,199~2,0,199
3,7,199~6,7,199
5,3,200~6,3,200
6,4,201~6,6,201
3,4,201~3,5,201
7,6,201~7,9,201
5,7,202~5,7,205
3,2,202~3,4,202
6,9,202~8,9,202
5,0,203~5,3,203
0,8,203~0,9,203
7,6,203~9,6,203
6,3,203~8,3,203
8,2,204~8,4,204
4,8,204~7,8,204
5,2,204~5,4,204
2,5,204~5,5,204
4,1,205~5,1,205
9,4,206~9,6,206
6,2,206~6,4,206
0,8,206~0,8,206
5,0,206~5,2,206
3,3,207~3,5,207
2,1,207~4,1,207
4,4,207~6,4,207
8,6,207~9,6,207
2,5,207~2,7,207
6,8,207~9,8,207
9,4,208~9,4,208
2,7,208~2,9,208
4,7,208~6,7,208
5,1,208~7,1,208
5,2,209~7,2,209
4,4,210~5,4,210
7,2,210~7,5,210
7,1,210~9,1,210
2,6,210~5,6,210
7,0,211~7,1,211
2,4,211~2,6,211
7,3,211~7,5,211
2,9,211~4,9,211
8,1,212~8,3,212
6,1,212~6,4,212
6,0,212~9,0,212
8,0,213~9,0,213
7,3,213~7,5,213
9,1,213~9,3,213
7,1,213~7,2,213
5,4,213~5,7,213
4,3,213~4,4,213
2,9,214~4,9,214
3,3,214~4,3,214
6,2,214~6,5,214
0,4,214~2,4,214
1,6,214~3,6,214
5,0,215~7,0,215
6,3,215~6,5,215
4,7,215~7,7,215
0,4,215~2,4,215
8,2,215~8,2,217
8,1,215~8,1,218
2,2,215~6,2,215
3,1,215~6,1,215
8,0,216~9,0,216
1,1,216~3,1,216
9,3,216~9,5,216
3,6,216~3,9,216
9,1,216~9,1,218
3,5,216~6,5,216
7,6,216~7,7,216
4,2,216~4,4,216
5,3,216~7,3,216
4,7,216~4,9,216
3,6,217~3,6,219
9,5,217~9,5,219
2,8,217~2,9,217
0,2,217~0,4,217
1,4,217~1,6,217
2,1,217~5,1,217
5,6,218~5,8,218
3,9,218~3,9,218
7,6,218~7,6,219
2,4,219~4,4,219
9,1,219~9,3,219
5,7,219~6,7,219
6,5,219~8,5,219
4,8,219~4,9,219
5,7,220~5,7,222
0,1,220~3,1,220
6,7,220~6,9,220
6,7,221~9,7,221
3,1,221~3,1,223
7,5,221~7,6,221
0,1,221~1,1,221
6,4,221~6,6,221
4,2,222~4,4,222
7,5,222~7,7,222
4,6,222~4,8,222
5,8,222~7,8,222
2,3,223~5,3,223
9,6,223~9,9,223
4,5,223~4,7,223
7,4,223~7,6,223
5,0,224~5,3,224
4,5,224~4,5,226
0,1,224~0,2,224
2,3,225~2,5,225
3,0,225~5,0,225
5,7,225~5,9,225
3,2,225~5,2,225
3,3,226~3,5,226
0,3,226~2,3,226
1,1,226~3,1,226
4,3,226~4,4,226
4,1,227~6,1,227
5,8,227~8,8,227
0,1,227~0,2,227
1,2,228~1,4,228
6,1,228~6,3,228
5,7,228~7,7,228
4,0,228~7,0,228
4,5,228~4,7,228
4,2,229~4,3,229
3,1,229~5,1,229
3,0,229~6,0,229
6,7,229~6,8,229
2,5,229~3,5,229
6,1,230~7,1,230
8,8,230~9,8,230
6,2,230~8,2,230
7,6,231~7,9,231
3,1,231~5,1,231
2,4,231~2,6,231
5,5,231~5,7,231
4,3,232~7,3,232
7,7,232~9,7,232
5,6,232~7,6,232
7,2,232~9,2,232
5,5,232~7,5,232
6,1,233~7,1,233
5,9,233~7,9,233
9,0,234~9,2,234
2,4,234~2,7,234
7,5,234~8,5,234
7,3,234~7,4,234
2,7,235~2,9,235
5,7,235~5,9,235
7,0,235~7,1,235
5,6,235~7,6,235
5,5,235~8,5,235
6,3,235~7,3,235
9,6,235~9,7,235
7,1,236~7,2,236
6,8,236~6,9,236
5,5,237~7,5,237
2,3,237~2,6,237
8,3,237~8,6,237
1,8,237~3,8,237
4,8,238~5,8,238
2,5,238~2,7,238
4,7,238~5,7,238
7,6,238~7,9,238
9,6,238~9,9,238
6,9,239~6,9,241
3,6,239~3,8,239
1,6,239~2,6,239
2,3,239~3,3,239
2,4,240~5,4,240
4,5,240~6,5,240
7,9,240~8,9,240
2,7,240~2,9,240
3,6,241~3,8,241
9,7,241~9,9,241
2,7,241~2,7,244
5,8,241~7,8,241
6,4,242~6,6,242
7,6,242~7,8,242
4,5,242~4,9,242
7,9,242~9,9,242
1,9,242~2,9,242
5,5,243~6,5,243
4,6,243~4,8,243
2,9,243~2,9,244
7,4,243~7,6,243
5,6,243~5,8,243
6,8,243~6,8,246
2,1,243~2,4,243
3,2,243~3,5,243
6,6,243~6,6,245
7,4,244~7,4,244
3,4,244~5,4,244
0,3,244~2,3,244
7,8,244~9,8,244
6,9,244~6,9,247
9,3,244~9,7,244
3,2,245~4,2,245
7,6,245~7,8,245
2,0,246~2,1,246
1,7,246~2,7,246
4,7,246~4,9,246
1,5,246~3,5,246
7,5,246~9,5,246
7,8,247~8,8,247
3,3,247~3,6,247
9,6,247~9,6,247
1,7,247~1,8,247
8,4,248~8,6,248
1,0,248~2,0,248
2,3,248~2,5,248
4,2,248~6,2,248
7,6,248~7,7,248
7,4,249~7,6,249
6,7,249~8,7,249
6,9,249~8,9,249
6,2,249~6,5,249
4,9,249~4,9,251
8,5,249~8,5,250
5,0,249~5,3,249
6,2,250~6,2,252
4,0,250~6,0,250
3,3,250~4,3,250
3,5,250~3,8,250
1,0,250~3,0,250
7,9,250~9,9,250
1,4,250~3,4,250
6,7,251~8,7,251
1,3,251~2,3,251
8,2,251~8,4,251
0,5,251~2,5,251
1,7,251~4,7,251
6,3,252~6,5,252
8,6,252~8,7,252
5,2,252~5,4,252
4,2,252~4,6,252
2,7,253~4,7,253
0,3,253~0,5,253
2,1,253~2,4,253
4,9,253~7,9,253
2,8,253~4,8,253
5,0,254~5,2,254
7,6,254~7,8,254
1,2,254~1,5,254
4,6,254~4,6,254
1,8,254~2,8,254
5,7,254~6,7,254
4,0,254~4,3,254
4,0,255~4,1,255
0,4,255~2,4,255
4,2,255~4,5,255
5,0,255~6,0,255
0,5,255~0,7,255
0,2,255~2,2,255
1,5,255~3,5,255
0,2,256~0,2,258
1,1,256~3,1,256
7,9,256~9,9,256
0,4,256~0,4,256
6,0,256~9,0,256
3,5,256~5,5,256
2,4,257~2,4,260
2,8,257~2,9,257
0,3,257~2,3,257
3,0,257~3,2,257
4,0,257~4,3,257
7,7,257~9,7,257
1,6,257~1,9,257
6,8,257~7,8,257
5,1,257~5,3,257
1,1,257~2,1,257
2,2,257~2,2,258
0,6,258~0,7,258
1,5,258~4,5,258
0,5,258~0,5,260
5,2,259~5,4,259
8,5,259~8,8,259
8,9,259~8,9,261
3,1,259~3,3,259
9,7,259~9,9,259
3,4,260~5,4,260
5,3,260~7,3,260
2,8,260~4,8,260
8,8,260~8,8,261
1,6,260~3,6,260
0,1,260~2,1,260
3,6,261~3,8,261
1,4,262~2,4,262
4,8,262~4,8,263
7,3,262~8,3,262
5,2,262~6,2,262
1,0,262~1,2,262
2,6,262~2,9,262
3,5,263~3,6,263
1,6,263~1,8,263
3,4,264~3,7,264
5,0,264~5,2,264
0,9,264~3,9,264
8,1,264~8,4,264
5,3,265~7,3,265
4,4,265~8,4,265
1,2,265~1,4,265
1,6,266~1,8,266
3,0,266~5,0,266
3,9,266~6,9,266
2,0,267~5,0,267
2,9,267~3,9,267
0,7,267~0,9,267
0,3,268~3,3,268
6,9,268~6,9,271
5,1,268~5,3,268
5,4,268~7,4,268
4,0,268~4,0,270
6,4,269~8,4,269
1,6,269~1,7,269
1,9,269~3,9,269
6,4,270~8,4,270
0,5,270~0,7,270
0,8,270~0,8,273
3,3,270~3,4,270
5,3,270~7,3,270
5,4,270~5,7,270
0,2,271~0,5,271
5,3,271~5,4,271
2,3,271~2,6,271
8,4,271~9,4,271
7,4,271~7,5,271
4,1,271~6,1,271
1,1,272~4,1,272
2,0,272~5,0,272
7,3,272~9,3,272
0,0,272~0,2,272
1,9,272~3,9,272
0,3,273~0,5,273
3,6,273~5,6,273
3,7,273~6,7,273
5,3,273~7,3,273
1,0,273~1,2,273
2,5,273~4,5,273
9,4,274~9,6,274
7,5,274~7,5,277
3,7,274~3,7,276
4,4,274~4,6,274
2,4,274~2,6,274
6,3,274~6,6,274
2,4,275~3,4,275
4,3,275~5,3,275
6,7,275~8,7,275
9,2,275~9,4,275
5,0,275~5,0,276
0,1,275~0,2,275
0,9,275~2,9,275
2,4,276~2,4,279
3,3,276~3,6,276
5,4,276~8,4,276
0,9,276~2,9,276
0,6,276~0,8,276
5,7,276~5,9,276
2,9,277~4,9,277
6,1,277~6,3,277
9,1,277~9,4,277
4,0,277~6,0,277
5,1,278~8,1,278
9,0,278~9,2,278
5,2,278~7,2,278
6,5,278~6,8,278
2,0,279~4,0,279
8,0,279~8,2,279
6,3,280~9,3,280
4,6,280~7,6,280
0,4,280~3,4,280
6,8,281~7,8,281
6,2,281~9,2,281
8,0,282~9,0,282
7,5,283~7,7,283
6,2,283~6,5,283
4,3,283~4,6,283
6,0,284~8,0,284
4,8,284~7,8,284
3,0,285~6,0,285
4,4,286~6,4,286
7,6,286~8,6,286
4,8,287~7,8,287
8,5,289~8,8,289